2
0
0
0
0
0
0
0
1
0
0
0
0
0
0
0
0
0
0
0
0
0
0
0
0
0
1
3
3
7
15
14
30
224
96
48
24
8
4
4
2
128
0
0
0
0
1
5
13
15
22
31
61
62
61
31
119
230
238
222
222
156
60
56
56
0
0
0
0
0
0
0
0
0
64
0
32
152
252
110
110
218
251
251
246
246
255
27
254
237
238
231
247
247
247
243
211
0
0
0
0
0
0
0
0
0
0
0
0
16
32
0
0
0
0
0
0
0
0
0
128
192
224
112
120
184
156
142
206
7
6
4
3
3
30
30
28
15
27
27
28
27
27
28
27
27
27
28
27
26
25
26
25
121
120
122
121
121
120
121
120
2
2
3
3
4
4
5
5
28
28
27
27
28
28
26
28
27
27
26
27
26
27
25
121
120
122
121
120
122
121
120
122