2
4
1
1
0
0
0
0
0
0
0
0
0
0
0
0
0
0
0
0
0
0
4
14
6
2
3
1
3
6
3
13
18
144
216
8
108
22
8
6
0
2
0
0
0
1
3
1
3
66
7
2
11
15
214
115
27
199
173
201
48
103
243
239
25
0
0
0
0
0
0
0
128
0
128
64
224
209
112
248
114
232
186
244
186
252
248
93
217
167
71
216
188
239
121
207
155
0
0
0
0
0
0
0
0
0
0
0
0
0
0
0
0
0
0
0
32
48
16
176
208
96
184
232
48
28
204
182
186
4
2
4
3
26
3
3
26
28
28
26
28
26
27
27
28
26
27
26
27
26
25
120
121
121
121
122
120
121
120
120
122
4
3
3
2
2
4
3
2
27
26
26
26
27
27
28
26
26
28
27
26
25
120
120
121
122
121
120
121
122
120
121
120