2
0
0
0
0
0
0
0
0
0
0
1
0
0
0
0
0
0
1
5
30
3
3
94
86
58
15
1
3
14
59
125
240
0
0
0
1
1
1
8
15
39
37
46
50
35
47
109
45
53
86
195
123
136
227
114
26
199
173
201
48
103
243
239
25
0
63
121
100
248
176
232
180
46
79
107
45
247
201
221
158
153
201
30
202
165
55
77
153
135
95
216
191
239
121
79
195
0
0
0
0
0
0
128
0
0
0
0
128
0
128
0
0
0
0
128
80
226
236
152
152
100
184
238
51
157
206
182
187
0
0
28
25
34
25
34
25
25
27
25
27
25
25
25
27
25
120
121
121
121
122
120
121
121
120
120
120
121
120
120
121
0
0
28
25
28
25
25
34
25
27
27
27
25
25
27
25
25
25
121
120
121
120
120
121
122
121
120
121
122
120
120
121