2
0
0
0
0
1
0
0
0
0
0
1
8
8
17
16
9
29
39
66
64
0
0
16
0
1
1
3
0
0
2
7
31
0
0
30
255
110
34
0
0
68
206
219
119
107
189
255
36
146
128
164
146
127
57
2
104
39
68
61
25
26
128
53
35
0
16
12
69
186
147
191
239
185
221
85
226
222
39
127
195
97
81
195
197
160
131
197
193
46
221
253
109
222
171
246
111
0
0
0
192
32
0
124
198
2
0
2
2
0
24
32
46
59
224
128
64
192
128
8
4
4
4
140
120
144
0
208
192
32
7
33
34
32
34
33
32
24
34
32
33
34
33
32
32
33
34
33
32
33
32
34
32
24
33
24
33
33
34
33
32
57
57
32
33
7
6
6
7
6
7
33
32
33
34
32
32
33
32
32
33
32
33
7
33
33
24
33
32
34
7
24
34