2
96
191
64
0
1
2
4
4
4
4
4
2
141
240
0
0
1
122
198
130
130
1
1
7
12
24
52
35
33
48
48
56
12
255
4
114
138
7
160
0
4
96
146
16
32
143
112
128
0
0
12
15
15
0
0
224
62
9
12
36
196
8
0
0
7
0
0
3
4
9
135
137
145
80
112
152
136
8
12
6
7
2
2
2
195
70
60
24
56
104
196
4
4
63
0
0
0
224
128
0
0
0
252
248
0
20
82
90
44
24
16
224
0
0
112
248
216
248
112
0
0
0
0
80
248
240
248
80
120
120
47
50
50
50
50
50
50
50
50
50
50
50
50
50
50
50
50
50
50
50
50
50
50
50
50
50
50
120
120
120
50
120
50
50
50
50
77
5
90
33
33
33
33
50
50
50
120
120
120
120
120
120
120
50
50
50
50
4
4
4
4
4